CI.collection_id= CC.collection_id;
 community_id | item_id 
--------------+---------
           28 |      82
           28 |      83
           28 |      84
           28 |      85
           28 |      86
           28 |      87
           28 |      88
           28 |      94
           28 |      95
           28 |      96
           28 |      97
           28 |     101
           28 |     102
           28 |     103
           28 |     104
           28 |     105
           28 |     106
           28 |     110
           28 |     124

           30 |     143
           30 |     171
           30 |     203
           28 |     123
           30 |     212
           30 |     218
           30 |     219
           30 |     221
           30 |     222
           30 |     223
           30 |     224
           30 |     225
           30 |     226
           30 |     227
           30 |     228
           30 |     229
           30 |     230
           30 |     234
           35 |     235
